Light 0 100 100 100 -0.5 0.5 -0.7
Light 1 100 100 100 0.5 -0.5 -0.7
Light 2 100 100 100 0.5 0.5 -0.7
Object 0 255 255 0 0.2 0.4 0.4 2
Object 1 255 255 0 0.2 0.4 0.4 2
Object 2 255 255 0 0.2 0.4 0.4 2
Object 3 0 255 255 0.3 0.4 0.3 4
Object 4 255 0 255 0.4 0.4 0.2 6
Polygon 0 4
50 50 200 0.398925 0.598388 -0.453324
75 50 178 0.352837 0.646868 -0.490051
75 75 145 0.396981 0.595472 -0.551363
50 75 167 0.448836 0.550844 -0.510041
Polygon 0 4
50 75 167 0.448836 0.550844 -0.510041
75 75 145 0.396981 0.595472 -0.551363
75 100 118 0.447405 0.521972 -0.621396
50 100 140 0.505846 0.482853 -0.574825
Polygon 0 4
50 100 140 0.505846 0.482853 -0.574825
75 100 118 0.447405 0.521972 -0.621396
75 125 97 0.501037 0.417531 -0.695885
50 125 119 0.566484 0.386239 -0.643732
Polygon 0 4
50 125 119 0.566484 0.386239 -0.643732
75 125 97 0.501037 0.417531 -0.695885
75 150 82 0.549765 0.274882 -0.763563
50 150 104 0.621576 0.254281 -0.706337
Polygon 0 4
50 150 104 0.621576 0.254281 -0.706337
75 150 82 0.549765 0.274882 -0.763563
75 175 73 0.580143 0.0966904 -0.805754
50 175 95 0.655922 0.0894439 -0.745366
Polygon 0 4
50 175 95 0.655922 0.0894439 -0.745366
75 175 73 0.580143 0.0966904 -0.805754
75 200 70 0.580143 -0.0966904 -0.805754
50 200 92 0.655922 -0.0894439 -0.745366
Polygon 0 4
50 200 92 0.655922 -0.0894439 -0.745366
75 200 70 0.580143 -0.0966904 -0.805754
75 225 73 0.549765 -0.274882 -0.763563
50 225 95 0.621576 -0.254281 -0.706337
Polygon 0 4
50 225 95 0.621576 -0.254281 -0.706337
75 225 73 0.549765 -0.274882 -0.763563
75 250 82 0.501037 -0.417531 -0.695885
50 250 104 0.566484 -0.386239 -0.643732
Polygon 0 4
50 250 104 0.566484 -0.386239 -0.643732
75 250 82 0.501037 -0.417531 -0.695885
75 275 97 0.447405 -0.521972 -0.621396
50 275 119 0.505846 -0.482853 -0.574825
Polygon 0 4
50 275 119 0.505846 -0.482853 -0.574825
75 275 97 0.447405 -0.521972 -0.621396
75 300 118 0.396981 -0.595472 -0.551363
50 300 140 0.448836 -0.550844 -0.510041
Polygon 0 4
50 300 140 0.448836 -0.550844 -0.510041
75 300 118 0.396981 -0.595472 -0.551363
75 325 145 0.352837 -0.646868 -0.490051
50 325 167 0.398925 -0.598388 -0.453324
Polygon 0 4
50 325 167 0.398925 -0.598388 -0.453324
75 325 145 0.352837 -0.646868 -0.490051
75 350 178 0.315329 -0.683214 -0.437958
50 350 200 0.356518 -0.63201 -0.405135
Polygon 0 4
50 350 200 0.356518 -0.63201 -0.405135
75 350 178 0.315329 -0.683214 -0.437958
75 375 217 0.283763 -0.709409 -0.394116
50 375 239 0.320829 -0.656242 -0.364579
Polygon 0 4
50 375 239 0.320829 -0.656242 -0.364579
75 375 217 0.283763 -0.709409 -0.394116
75 400 262 0.257186 -0.728694 -0.357203
50 400 284 0.29078 -0.674081 -0.330432
Polygon 0 4
50 400 284 0.29078 -0.674081 -0.330432
75 400 262 0.257186 -0.728694 -0.357203
75 425 313 0.234693 -0.743194 -0.325962
50 425 335 0.265349 -0.687495 -0.301533
Polygon 0 4
50 425 335 0.265349 -0.687495 -0.301533
75 425 313 0.234693 -0.743194 -0.325962
75 450 370 0.234693 -0.743194 -0.325962
50 450 392 0.265349 -0.687495 -0.301533
Polygon 0 4
75 50 178 0.352837 0.646868 -0.490051
100 50 160 0.295047 0.695468 -0.526869
100 75 127 0.331961 0.640211 -0.592788
75 75 145 0.396981 0.595472 -0.551363
Polygon 0 4
75 75 145 0.396981 0.595472 -0.551363
100 75 127 0.331961 0.640211 -0.592788
100 100 100 0.374126 0.561189 -0.668082
75 100 118 0.447405 0.521972 -0.621396
Polygon 0 4
75 100 118 0.447405 0.521972 -0.621396
100 100 100 0.374126 0.561189 -0.668082
100 125 79 0.418974 0.448901 -0.748168
75 125 97 0.501037 0.417531 -0.695885
Polygon 0 4
75 125 97 0.501037 0.417531 -0.695885
100 125 79 0.418974 0.448901 -0.748168
100 150 64 0.459721 0.295535 -0.82093
75 150 82 0.549765 0.274882 -0.763563
Polygon 0 4
75 150 82 0.549765 0.274882 -0.763563
100 150 64 0.459721 0.295535 -0.82093
100 175 55 0.485123 0.103955 -0.866291
75 175 73 0.580143 0.0966904 -0.805754
Polygon 0 4
75 175 73 0.580143 0.0966904 -0.805754
100 175 55 0.485123 0.103955 -0.866291
100 200 52 0.485123 -0.103955 -0.866291
75 200 70 0.580143 -0.0966904 -0.805754
Polygon 0 4
75 200 70 0.580143 -0.0966904 -0.805754
100 200 52 0.485123 -0.103955 -0.866291
100 225 55 0.459721 -0.295535 -0.82093
75 225 73 0.549765 -0.274882 -0.763563
Polygon 0 4
75 225 73 0.549765 -0.274882 -0.763563
100 225 55 0.459721 -0.295535 -0.82093
100 250 64 0.418974 -0.448901 -0.748168
75 250 82 0.501037 -0.417531 -0.695885
Polygon 0 4
75 250 82 0.501037 -0.417531 -0.695885
100 250 64 0.418974 -0.448901 -0.748168
100 275 79 0.374126 -0.561189 -0.668082
75 275 97 0.447405 -0.521972 -0.621396
Polygon 0 4
75 275 97 0.447405 -0.521972 -0.621396
100 275 79 0.374126 -0.561189 -0.668082
100 300 100 0.331961 -0.640211 -0.592788
75 300 118 0.396981 -0.595472 -0.551363
Polygon 0 4
75 300 118 0.396981 -0.595472 -0.551363
100 300 100 0.331961 -0.640211 -0.592788
100 325 127 0.295047 -0.695468 -0.526869
75 325 145 0.352837 -0.646868 -0.490051
Polygon 0 4
75 325 145 0.352837 -0.646868 -0.490051
100 325 127 0.295047 -0.695468 -0.526869
100 350 160 0.263683 -0.734545 -0.470862
75 350 178 0.315329 -0.683214 -0.437958
Polygon 0 4
75 350 178 0.315329 -0.683214 -0.437958
100 350 160 0.263683 -0.734545 -0.470862
100 375 199 0.237287 -0.762708 -0.423726
75 375 217 0.283763 -0.709409 -0.394116
Polygon 0 4
75 375 217 0.283763 -0.709409 -0.394116
100 375 199 0.237287 -0.762708 -0.423726
100 400 244 0.215062 -0.783441 -0.38404
75 400 262 0.257186 -0.728694 -0.357203
Polygon 0 4
75 400 262 0.257186 -0.728694 -0.357203
100 400 244 0.215062 -0.783441 -0.38404
100 425 295 0.196253 -0.799031 -0.350452
75 425 313 0.234693 -0.743194 -0.325962
Polygon 0 4
75 425 313 0.234693 -0.743194 -0.325962
100 425 295 0.196253 -0.799031 -0.350452
100 450 352 0.196253 -0.799031 -0.350452
75 450 370 0.234693 -0.743194 -0.325962
Polygon 0 4
100 50 160 0.295047 0.695468 -0.526869
125 50 146 0.224267 0.740081 -0.560668
125 75 113 0.252326 0.68128 -0.630815
100 75 127 0.331961 0.640211 -0.592788
Polygon 0 4
100 75 127 0.331961 0.640211 -0.592788
125 75 113 0.252326 0.68128 -0.630815
125 100 86 0.284376 0.597189 -0.710939
100 100 100 0.374126 0.561189 -0.668082
Polygon 0 4
100 100 100 0.374126 0.561189 -0.668082
125 100 86 0.284376 0.597189 -0.710939
125 125 65 0.318465 0.477697 -0.796162
100 125 79 0.418974 0.448901 -0.748168
Polygon 0 4
100 125 79 0.418974 0.448901 -0.748168
125 125 65 0.318465 0.477697 -0.796162
125 150 50 0.349437 0.314493 -0.873592
100 150 64 0.459721 0.295535 -0.82093
Polygon 0 4
100 150 64 0.459721 0.295535 -0.82093
125 150 50 0.349437 0.314493 -0.873592
125 175 41 0.368745 0.110624 -0.921863
100 175 55 0.485123 0.103955 -0.866291
Polygon 0 4
100 175 55 0.485123 0.103955 -0.866291
125 175 41 0.368745 0.110624 -0.921863
125 200 38 0.368745 -0.110624 -0.921863
100 200 52 0.485123 -0.103955 -0.866291
Polygon 0 4
100 200 52 0.485123 -0.103955 -0.866291
125 200 38 0.368745 -0.110624 -0.921863
125 225 41 0.349437 -0.314493 -0.873592
100 225 55 0.459721 -0.295535 -0.82093
Polygon 0 4
100 225 55 0.459721 -0.295535 -0.82093
125 225 41 0.349437 -0.314493 -0.873592
125 250 50 0.318465 -0.477697 -0.796162
100 250 64 0.418974 -0.448901 -0.748168
Polygon 0 4
100 250 64 0.418974 -0.448901 -0.748168
125 250 50 0.318465 -0.477697 -0.796162
125 275 65 0.284376 -0.597189 -0.710939
100 275 79 0.374126 -0.561189 -0.668082
Polygon 0 4
100 275 79 0.374126 -0.561189 -0.668082
125 275 65 0.284376 -0.597189 -0.710939
125 300 86 0.252326 -0.68128 -0.630815
100 300 100 0.331961 -0.640211 -0.592788
Polygon 0 4
100 300 100 0.331961 -0.640211 -0.592788
125 300 86 0.252326 -0.68128 -0.630815
125 325 113 0.224267 -0.740081 -0.560668
100 325 127 0.295047 -0.695468 -0.526869
Polygon 0 4
100 325 127 0.295047 -0.695468 -0.526869
125 325 113 0.224267 -0.740081 -0.560668
125 350 146 0.200427 -0.781665 -0.501067
100 350 160 0.263683 -0.734545 -0.470862
Polygon 0 4
100 350 160 0.263683 -0.734545 -0.470862
125 350 146 0.200427 -0.781665 -0.501067
125 375 185 0.180363 -0.811635 -0.450908
100 375 199 0.237287 -0.762708 -0.423726
Polygon 0 4
100 375 199 0.237287 -0.762708 -0.423726
125 375 185 0.180363 -0.811635 -0.450908
125 400 230 0.16347 -0.833699 -0.408676
100 400 244 0.215062 -0.783441 -0.38404
Polygon 0 4
100 400 244 0.215062 -0.783441 -0.38404
125 400 230 0.16347 -0.833699 -0.408676
125 425 281 0.149173 -0.850288 -0.372933
100 425 295 0.196253 -0.799031 -0.350452
Polygon 0 4
100 425 295 0.196253 -0.799031 -0.350452
125 425 281 0.149173 -0.850288 -0.372933
125 450 338 0.149173 -0.850288 -0.372933
100 450 352 0.196253 -0.799031 -0.350452
Polygon 0 4
125 50 146 0.224267 0.740081 -0.560668
150 50 136 0.140924 0.775082 -0.587184
150 75 103 0.158555 0.7135 -0.660648
125 75 113 0.252326 0.68128 -0.630815
Polygon 0 4
125 75 113 0.252326 0.68128 -0.630815
150 75 103 0.158555 0.7135 -0.660648
150 100 76 0.178695 0.625432 -0.744562
125 100 86 0.284376 0.597189 -0.710939
Polygon 0 4
125 100 86 0.284376 0.597189 -0.710939
150 100 76 0.178695 0.625432 -0.744562
150 125 55 0.200116 0.500289 -0.833815
125 125 65 0.318465 0.477697 -0.796162
Polygon 0 4
125 125 65 0.318465 0.477697 -0.796162
150 125 55 0.200116 0.500289 -0.833815
150 150 40 0.219578 0.329367 -0.914907
125 150 50 0.349437 0.314493 -0.873592
Polygon 0 4
125 150 50 0.349437 0.314493 -0.873592
150 150 40 0.219578 0.329367 -0.914907
150 175 31 0.231711 0.115855 -0.965461
125 175 41 0.368745 0.110624 -0.921863
Polygon 0 4
125 175 41 0.368745 0.110624 -0.921863
150 175 31 0.231711 0.115855 -0.965461
150 200 28 0.231711 -0.115855 -0.965461
125 200 38 0.368745 -0.110624 -0.921863
Polygon 0 4
125 200 38 0.368745 -0.110624 -0.921863
150 200 28 0.231711 -0.115855 -0.965461
150 225 31 0.219578 -0.329367 -0.914907
125 225 41 0.349437 -0.314493 -0.873592
Polygon 0 4
125 225 41 0.349437 -0.314493 -0.873592
150 225 31 0.219578 -0.329367 -0.914907
150 250 40 0.200116 -0.500289 -0.833815
125 250 50 0.318465 -0.477697 -0.796162
Polygon 0 4
125 250 50 0.318465 -0.477697 -0.796162
150 250 40 0.200116 -0.500289 -0.833815
150 275 55 0.178695 -0.625432 -0.744562
125 275 65 0.284376 -0.597189 -0.710939
Polygon 0 4
125 275 65 0.284376 -0.597189 -0.710939
150 275 55 0.178695 -0.625432 -0.744562
150 300 76 0.158555 -0.7135 -0.660648
125 300 86 0.252326 -0.68128 -0.630815
Polygon 0 4
125 300 86 0.252326 -0.68128 -0.630815
150 300 76 0.158555 -0.7135 -0.660648
150 325 103 0.140924 -0.775082 -0.587184
125 325 113 0.224267 -0.740081 -0.560668
Polygon 0 4
125 325 113 0.224267 -0.740081 -0.560668
150 325 103 0.140924 -0.775082 -0.587184
150 350 136 0.125943 -0.818633 -0.524764
125 350 146 0.200427 -0.781665 -0.501067
Polygon 0 4
125 350 146 0.200427 -0.781665 -0.501067
150 350 136 0.125943 -0.818633 -0.524764
150 375 175 0.113336 -0.850019 -0.472233
125 375 185 0.180363 -0.811635 -0.450908
Polygon 0 4
125 375 185 0.180363 -0.811635 -0.450908
150 375 175 0.113336 -0.850019 -0.472233
150 400 220 0.102721 -0.873127 -0.428003
125 400 230 0.16347 -0.833699 -0.408676
Polygon 0 4
125 400 230 0.16347 -0.833699 -0.408676
150 400 220 0.102721 -0.873127 -0.428003
150 425 271 0.0937369 -0.890501 -0.390571
125 425 281 0.149173 -0.850288 -0.372933
Polygon 0 4
125 425 281 0.149173 -0.850288 -0.372933
150 425 271 0.0937369 -0.890501 -0.390571
150 450 328 0.0937369 -0.890501 -0.390571
125 450 338 0.149173 -0.850288 -0.372933
Polygon 0 4
150 50 136 0.140924 0.775082 -0.587184
175 50 130 0.0481548 0.794554 -0.601935
175 75 97 0.0541795 0.731424 -0.677244
150 75 103 0.158555 0.7135 -0.660648
Polygon 0 4
150 75 103 0.158555 0.7135 -0.660648
175 75 97 0.0541795 0.731424 -0.677244
175 100 70 0.0610613 0.641144 -0.763266
150 100 76 0.178695 0.625432 -0.744562
Polygon 0 4
150 100 76 0.178695 0.625432 -0.744562
175 100 70 0.0610613 0.641144 -0.763266
175 125 49 0.068381 0.512857 -0.854762
150 125 55 0.200116 0.500289 -0.833815
Polygon 0 4
150 125 55 0.200116 0.500289 -0.833815
175 125 49 0.068381 0.512857 -0.854762
175 150 34 0.0750313 0.337641 -0.937891
150 150 40 0.219578 0.329367 -0.914907
Polygon 0 4
150 150 40 0.219578 0.329367 -0.914907
175 150 34 0.0750313 0.337641 -0.937891
175 175 25 0.0791772 0.118766 -0.989715
150 175 31 0.231711 0.115855 -0.965461
Polygon 0 4
150 175 31 0.231711 0.115855 -0.965461
175 175 25 0.0791772 0.118766 -0.989715
175 200 22 0.0791772 -0.118766 -0.989715
150 200 28 0.231711 -0.115855 -0.965461
Polygon 0 4
150 200 28 0.231711 -0.115855 -0.965461
175 200 22 0.0791772 -0.118766 -0.989715
175 225 25 0.0750313 -0.337641 -0.937891
150 225 31 0.219578 -0.329367 -0.914907
Polygon 0 4
150 225 31 0.219578 -0.329367 -0.914907
175 225 25 0.0750313 -0.337641 -0.937891
175 250 34 0.068381 -0.512857 -0.854762
150 250 40 0.200116 -0.500289 -0.833815
Polygon 0 4
150 250 40 0.200116 -0.500289 -0.833815
175 250 34 0.068381 -0.512857 -0.854762
175 275 49 0.0610613 -0.641144 -0.763266
150 275 55 0.178695 -0.625432 -0.744562
Polygon 0 4
150 275 55 0.178695 -0.625432 -0.744562
175 275 49 0.0610613 -0.641144 -0.763266
175 300 70 0.0541795 -0.731424 -0.677244
150 300 76 0.158555 -0.7135 -0.660648
Polygon 0 4
150 300 76 0.158555 -0.7135 -0.660648
175 300 70 0.0541795 -0.731424 -0.677244
175 325 97 0.0481548 -0.794554 -0.601935
150 325 103 0.140924 -0.775082 -0.587184
Polygon 0 4
150 325 103 0.140924 -0.775082 -0.587184
175 325 97 0.0481548 -0.794554 -0.601935
175 350 130 0.0430358 -0.839198 -0.537947
150 350 136 0.125943 -0.818633 -0.524764
Polygon 0 4
150 350 136 0.125943 -0.818633 -0.524764
175 350 130 0.0430358 -0.839198 -0.537947
175 375 169 0.0387277 -0.871373 -0.484096
150 375 175 0.113336 -0.850019 -0.472233
Polygon 0 4
150 375 175 0.113336 -0.850019 -0.472233
175 375 169 0.0387277 -0.871373 -0.484096
175 400 214 0.0351004 -0.895061 -0.438755
150 400 220 0.102721 -0.873127 -0.428003
Polygon 0 4
150 400 220 0.102721 -0.873127 -0.428003
175 400 214 0.0351004 -0.895061 -0.438755
175 425 265 0.0320306 -0.912872 -0.400382
150 425 271 0.0937369 -0.890501 -0.390571
Polygon 0 4
150 425 271 0.0937369 -0.890501 -0.390571
175 425 265 0.0320306 -0.912872 -0.400382
175 450 322 0.0320306 -0.912872 -0.400382
150 450 328 0.0937369 -0.890501 -0.390571
Polygon 0 4
175 50 130 0.0481548 0.794554 -0.601935
200 50 128 -0.0481548 0.794554 -0.601935
200 75 95 -0.0541795 0.731424 -0.677244
175 75 97 0.0541795 0.731424 -0.677244
Polygon 0 4
175 75 97 0.0541795 0.731424 -0.677244
200 75 95 -0.0541795 0.731424 -0.677244
200 100 68 -0.0610613 0.641144 -0.763266
175 100 70 0.0610613 0.641144 -0.763266
Polygon 0 4
175 100 70 0.0610613 0.641144 -0.763266
200 100 68 -0.0610613 0.641144 -0.763266
200 125 47 -0.068381 0.512857 -0.854762
175 125 49 0.068381 0.512857 -0.854762
Polygon 0 4
175 125 49 0.068381 0.512857 -0.854762
200 125 47 -0.068381 0.512857 -0.854762
200 150 32 -0.0750313 0.337641 -0.937891
175 150 34 0.0750313 0.337641 -0.937891
Polygon 0 4
175 150 34 0.0750313 0.337641 -0.937891
200 150 32 -0.0750313 0.337641 -0.937891
200 175 23 -0.0791772 0.118766 -0.989715
175 175 25 0.0791772 0.118766 -0.989715
Polygon 0 4
175 175 25 0.0791772 0.118766 -0.989715
200 175 23 -0.0791772 0.118766 -0.989715
200 200 20 -0.0791772 -0.118766 -0.989715
175 200 22 0.0791772 -0.118766 -0.989715
Polygon 0 4
175 200 22 0.0791772 -0.118766 -0.989715
200 200 20 -0.0791772 -0.118766 -0.989715
200 225 23 -0.0750313 -0.337641 -0.937891
175 225 25 0.0750313 -0.337641 -0.937891
Polygon 0 4
175 225 25 0.0750313 -0.337641 -0.937891
200 225 23 -0.0750313 -0.337641 -0.937891
200 250 32 -0.068381 -0.512857 -0.854762
175 250 34 0.068381 -0.512857 -0.854762
Polygon 0 4
175 250 34 0.068381 -0.512857 -0.854762
200 250 32 -0.068381 -0.512857 -0.854762
200 275 47 -0.0610613 -0.641144 -0.763266
175 275 49 0.0610613 -0.641144 -0.763266
Polygon 0 4
175 275 49 0.0610613 -0.641144 -0.763266
200 275 47 -0.0610613 -0.641144 -0.763266
200 300 68 -0.0541795 -0.731424 -0.677244
175 300 70 0.0541795 -0.731424 -0.677244
Polygon 0 4
175 300 70 0.0541795 -0.731424 -0.677244
200 300 68 -0.0541795 -0.731424 -0.677244
200 325 95 -0.0481548 -0.794554 -0.601935
175 325 97 0.0481548 -0.794554 -0.601935
Polygon 0 4
175 325 97 0.0481548 -0.794554 -0.601935
200 325 95 -0.0481548 -0.794554 -0.601935
200 350 128 -0.0430358 -0.839198 -0.537947
175 350 130 0.0430358 -0.839198 -0.537947
Polygon 0 4
175 350 130 0.0430358 -0.839198 -0.537947
200 350 128 -0.0430358 -0.839198 -0.537947
200 375 167 -0.0387277 -0.871373 -0.484096
175 375 169 0.0387277 -0.871373 -0.484096
Polygon 0 4
175 375 169 0.0387277 -0.871373 -0.484096
200 375 167 -0.0387277 -0.871373 -0.484096
200 400 212 -0.0351004 -0.895061 -0.438755
175 400 214 0.0351004 -0.895061 -0.438755
Polygon 0 4
175 400 214 0.0351004 -0.895061 -0.438755
200 400 212 -0.0351004 -0.895061 -0.438755
200 425 263 -0.0320306 -0.912872 -0.400382
175 425 265 0.0320306 -0.912872 -0.400382
Polygon 0 4
175 425 265 0.0320306 -0.912872 -0.400382
200 425 263 -0.0320306 -0.912872 -0.400382
200 450 320 -0.0320306 -0.912872 -0.400382
175 450 322 0.0320306 -0.912872 -0.400382
Polygon 1 4
200 50 128 -0.0481548 0.794554 -0.601935
225 50 130 -0.140924 0.775082 -0.587184
225 75 97 -0.158555 0.7135 -0.660648
200 75 95 -0.0541795 0.731424 -0.677244
Polygon 1 4
200 75 95 -0.0541795 0.731424 -0.677244
225 75 97 -0.158555 0.7135 -0.660648
225 100 70 -0.178695 0.625432 -0.744562
200 100 68 -0.0610613 0.641144 -0.763266
Polygon 1 4
200 100 68 -0.0610613 0.641144 -0.763266
225 100 70 -0.178695 0.625432 -0.744562
225 125 49 -0.200116 0.500289 -0.833815
200 125 47 -0.068381 0.512857 -0.854762
Polygon 1 4
200 125 47 -0.068381 0.512857 -0.854762
225 125 49 -0.200116 0.500289 -0.833815
225 150 34 -0.219578 0.329367 -0.914907
200 150 32 -0.0750313 0.337641 -0.937891
Polygon 1 4
200 150 32 -0.0750313 0.337641 -0.937891
225 150 34 -0.219578 0.329367 -0.914907
225 175 25 -0.231711 0.115855 -0.965461
200 175 23 -0.0791772 0.118766 -0.989715
Polygon 1 4
200 175 23 -0.0791772 0.118766 -0.989715
225 175 25 -0.231711 0.115855 -0.965461
225 200 22 -0.231711 -0.115855 -0.965461
200 200 20 -0.0791772 -0.118766 -0.989715
Polygon 1 4
200 200 20 -0.0791772 -0.118766 -0.989715
225 200 22 -0.231711 -0.115855 -0.965461
225 225 25 -0.219578 -0.329367 -0.914907
200 225 23 -0.0750313 -0.337641 -0.937891
Polygon 1 4
200 225 23 -0.0750313 -0.337641 -0.937891
225 225 25 -0.219578 -0.329367 -0.914907
225 250 34 -0.200116 -0.500289 -0.833815
200 250 32 -0.068381 -0.512857 -0.854762
Polygon 1 4
200 250 32 -0.068381 -0.512857 -0.854762
225 250 34 -0.200116 -0.500289 -0.833815
225 275 49 -0.178695 -0.625432 -0.744562
200 275 47 -0.0610613 -0.641144 -0.763266
Polygon 1 4
200 275 47 -0.0610613 -0.641144 -0.763266
225 275 49 -0.178695 -0.625432 -0.744562
225 300 70 -0.158555 -0.7135 -0.660648
200 300 68 -0.0541795 -0.731424 -0.677244
Polygon 1 4
200 300 68 -0.0541795 -0.731424 -0.677244
225 300 70 -0.158555 -0.7135 -0.660648
225 325 97 -0.140924 -0.775082 -0.587184
200 325 95 -0.0481548 -0.794554 -0.601935
Polygon 1 4
200 325 95 -0.0481548 -0.794554 -0.601935
225 325 97 -0.140924 -0.775082 -0.587184
225 350 130 -0.125943 -0.818633 -0.524764
200 350 128 -0.0430358 -0.839198 -0.537947
Polygon 1 4
200 350 128 -0.0430358 -0.839198 -0.537947
225 350 130 -0.125943 -0.818633 -0.524764
225 375 169 -0.113336 -0.850019 -0.472233
200 375 167 -0.0387277 -0.871373 -0.484096
Polygon 1 4
200 375 167 -0.0387277 -0.871373 -0.484096
225 375 169 -0.113336 -0.850019 -0.472233
225 400 214 -0.102721 -0.873127 -0.428003
200 400 212 -0.0351004 -0.895061 -0.438755
Polygon 1 4
200 400 212 -0.0351004 -0.895061 -0.438755
225 400 214 -0.102721 -0.873127 -0.428003
225 425 265 -0.0937369 -0.890501 -0.390571
200 425 263 -0.0320306 -0.912872 -0.400382
Polygon 1 4
200 425 263 -0.0320306 -0.912872 -0.400382
225 425 265 -0.0937369 -0.890501 -0.390571
225 450 322 -0.0937369 -0.890501 -0.390571
200 450 320 -0.0320306 -0.912872 -0.400382
Polygon 1 4
225 50 130 -0.140924 0.775082 -0.587184
250 50 136 -0.224267 0.740081 -0.560668
250 75 103 -0.252326 0.68128 -0.630815
225 75 97 -0.158555 0.7135 -0.660648
Polygon 1 4
225 75 97 -0.158555 0.7135 -0.660648
250 75 103 -0.252326 0.68128 -0.630815
250 100 76 -0.284376 0.597189 -0.710939
225 100 70 -0.178695 0.625432 -0.744562
Polygon 1 4
225 100 70 -0.178695 0.625432 -0.744562
250 100 76 -0.284376 0.597189 -0.710939
250 125 55 -0.318465 0.477697 -0.796162
225 125 49 -0.200116 0.500289 -0.833815
Polygon 1 4
225 125 49 -0.200116 0.500289 -0.833815
250 125 55 -0.318465 0.477697 -0.796162
250 150 40 -0.349437 0.314493 -0.873592
225 150 34 -0.219578 0.329367 -0.914907
Polygon 1 4
225 150 34 -0.219578 0.329367 -0.914907
250 150 40 -0.349437 0.314493 -0.873592
250 175 31 -0.368745 0.110624 -0.921863
225 175 25 -0.231711 0.115855 -0.965461
Polygon 1 4
225 175 25 -0.231711 0.115855 -0.965461
250 175 31 -0.368745 0.110624 -0.921863
250 200 28 -0.368745 -0.110624 -0.921863
225 200 22 -0.231711 -0.115855 -0.965461
Polygon 1 4
225 200 22 -0.231711 -0.115855 -0.965461
250 200 28 -0.368745 -0.110624 -0.921863
250 225 31 -0.349437 -0.314493 -0.873592
225 225 25 -0.219578 -0.329367 -0.914907
Polygon 1 4
225 225 25 -0.219578 -0.329367 -0.914907
250 225 31 -0.349437 -0.314493 -0.873592
250 250 40 -0.318465 -0.477697 -0.796162
225 250 34 -0.200116 -0.500289 -0.833815
Polygon 1 4
225 250 34 -0.200116 -0.500289 -0.833815
250 250 40 -0.318465 -0.477697 -0.796162
250 275 55 -0.284376 -0.597189 -0.710939
225 275 49 -0.178695 -0.625432 -0.744562
Polygon 1 4
225 275 49 -0.178695 -0.625432 -0.744562
250 275 55 -0.284376 -0.597189 -0.710939
250 300 76 -0.252326 -0.68128 -0.630815
225 300 70 -0.158555 -0.7135 -0.660648
Polygon 1 4
225 300 70 -0.158555 -0.7135 -0.660648
250 300 76 -0.252326 -0.68128 -0.630815
250 325 103 -0.224267 -0.740081 -0.560668
225 325 97 -0.140924 -0.775082 -0.587184
Polygon 1 4
225 325 97 -0.140924 -0.775082 -0.587184
250 325 103 -0.224267 -0.740081 -0.560668
250 350 136 -0.200427 -0.781665 -0.501067
225 350 130 -0.125943 -0.818633 -0.524764
Polygon 1 4
225 350 130 -0.125943 -0.818633 -0.524764
250 350 136 -0.200427 -0.781665 -0.501067
250 375 175 -0.180363 -0.811635 -0.450908
225 375 169 -0.113336 -0.850019 -0.472233
Polygon 1 4
225 375 169 -0.113336 -0.850019 -0.472233
250 375 175 -0.180363 -0.811635 -0.450908
250 400 220 -0.16347 -0.833699 -0.408676
225 400 214 -0.102721 -0.873127 -0.428003
Polygon 1 4
225 400 214 -0.102721 -0.873127 -0.428003
250 400 220 -0.16347 -0.833699 -0.408676
250 425 271 -0.149173 -0.850288 -0.372933
225 425 265 -0.0937369 -0.890501 -0.390571
Polygon 1 4
225 425 265 -0.0937369 -0.890501 -0.390571
250 425 271 -0.149173 -0.850288 -0.372933
250 450 328 -0.149173 -0.850288 -0.372933
225 450 322 -0.0937369 -0.890501 -0.390571
Polygon 1 4
250 50 136 -0.224267 0.740081 -0.560668
275 50 146 -0.295047 0.695468 -0.526869
275 75 113 -0.331961 0.640211 -0.592788
250 75 103 -0.252326 0.68128 -0.630815
Polygon 1 4
250 75 103 -0.252326 0.68128 -0.630815
275 75 113 -0.331961 0.640211 -0.592788
275 100 86 -0.374126 0.561189 -0.668082
250 100 76 -0.284376 0.597189 -0.710939
Polygon 1 4
250 100 76 -0.284376 0.597189 -0.710939
275 100 86 -0.374126 0.561189 -0.668082
275 125 65 -0.418974 0.448901 -0.748168
250 125 55 -0.318465 0.477697 -0.796162
Polygon 1 4
250 125 55 -0.318465 0.477697 -0.796162
275 125 65 -0.418974 0.448901 -0.748168
275 150 50 -0.459721 0.295535 -0.82093
250 150 40 -0.349437 0.314493 -0.873592
Polygon 1 4
250 150 40 -0.349437 0.314493 -0.873592
275 150 50 -0.459721 0.295535 -0.82093
275 175 41 -0.485123 0.103955 -0.866291
250 175 31 -0.368745 0.110624 -0.921863
Polygon 1 4
250 175 31 -0.368745 0.110624 -0.921863
275 175 41 -0.485123 0.103955 -0.866291
275 200 38 -0.485123 -0.103955 -0.866291
250 200 28 -0.368745 -0.110624 -0.921863
Polygon 1 4
250 200 28 -0.368745 -0.110624 -0.921863
275 200 38 -0.485123 -0.103955 -0.866291
275 225 41 -0.459721 -0.295535 -0.82093
250 225 31 -0.349437 -0.314493 -0.873592
Polygon 1 4
250 225 31 -0.349437 -0.314493 -0.873592
275 225 41 -0.459721 -0.295535 -0.82093
275 250 50 -0.418974 -0.448901 -0.748168
250 250 40 -0.318465 -0.477697 -0.796162
Polygon 1 4
250 250 40 -0.318465 -0.477697 -0.796162
275 250 50 -0.418974 -0.448901 -0.748168
275 275 65 -0.374126 -0.561189 -0.668082
250 275 55 -0.284376 -0.597189 -0.710939
Polygon 1 4
250 275 55 -0.284376 -0.597189 -0.710939
275 275 65 -0.374126 -0.561189 -0.668082
275 300 86 -0.331961 -0.640211 -0.592788
250 300 76 -0.252326 -0.68128 -0.630815
Polygon 1 4
250 300 76 -0.252326 -0.68128 -0.630815
275 300 86 -0.331961 -0.640211 -0.592788
275 325 113 -0.295047 -0.695468 -0.526869
250 325 103 -0.224267 -0.740081 -0.560668
Polygon 1 4
250 325 103 -0.224267 -0.740081 -0.560668
275 325 113 -0.295047 -0.695468 -0.526869
275 350 146 -0.263683 -0.734545 -0.470862
250 350 136 -0.200427 -0.781665 -0.501067
Polygon 1 4
250 350 136 -0.200427 -0.781665 -0.501067
275 350 146 -0.263683 -0.734545 -0.470862
275 375 185 -0.237287 -0.762708 -0.423726
250 375 175 -0.180363 -0.811635 -0.450908
Polygon 1 4
250 375 175 -0.180363 -0.811635 -0.450908
275 375 185 -0.237287 -0.762708 -0.423726
275 400 230 -0.215062 -0.783441 -0.38404
250 400 220 -0.16347 -0.833699 -0.408676
Polygon 1 4
250 400 220 -0.16347 -0.833699 -0.408676
275 400 230 -0.215062 -0.783441 -0.38404
275 425 281 -0.196253 -0.799031 -0.350452
250 425 271 -0.149173 -0.850288 -0.372933
Polygon 1 4
250 425 271 -0.149173 -0.850288 -0.372933
275 425 281 -0.196253 -0.799031 -0.350452
275 450 338 -0.196253 -0.799031 -0.350452
250 450 328 -0.149173 -0.850288 -0.372933
Polygon 1 4
275 50 146 -0.295047 0.695468 -0.526869
300 50 160 -0.352837 0.646868 -0.490051
300 75 127 -0.396981 0.595472 -0.551363
275 75 113 -0.331961 0.640211 -0.592788
Polygon 1 4
275 75 113 -0.331961 0.640211 -0.592788
300 75 127 -0.396981 0.595472 -0.551363
300 100 100 -0.447405 0.521972 -0.621396
275 100 86 -0.374126 0.561189 -0.668082
Polygon 1 4
275 100 86 -0.374126 0.561189 -0.668082
300 100 100 -0.447405 0.521972 -0.621396
300 125 79 -0.501037 0.417531 -0.695885
275 125 65 -0.418974 0.448901 -0.748168
Polygon 1 4
275 125 65 -0.418974 0.448901 -0.748168
300 125 79 -0.501037 0.417531 -0.695885
300 150 64 -0.549765 0.274882 -0.763563
275 150 50 -0.459721 0.295535 -0.82093
Polygon 1 4
275 150 50 -0.459721 0.295535 -0.82093
300 150 64 -0.549765 0.274882 -0.763563
300 175 55 -0.580143 0.0966904 -0.805754
275 175 41 -0.485123 0.103955 -0.866291
Polygon 1 4
275 175 41 -0.485123 0.103955 -0.866291
300 175 55 -0.580143 0.0966904 -0.805754
300 200 52 -0.580143 -0.0966904 -0.805754
275 200 38 -0.485123 -0.103955 -0.866291
Polygon 1 4
275 200 38 -0.485123 -0.103955 -0.866291
300 200 52 -0.580143 -0.0966904 -0.805754
300 225 55 -0.549765 -0.274882 -0.763563
275 225 41 -0.459721 -0.295535 -0.82093
Polygon 1 4
275 225 41 -0.459721 -0.295535 -0.82093
300 225 55 -0.549765 -0.274882 -0.763563
300 250 64 -0.501037 -0.417531 -0.695885
275 250 50 -0.418974 -0.448901 -0.748168
Polygon 1 4
275 250 50 -0.418974 -0.448901 -0.748168
300 250 64 -0.501037 -0.417531 -0.695885
300 275 79 -0.447405 -0.521972 -0.621396
275 275 65 -0.374126 -0.561189 -0.668082
Polygon 1 4
275 275 65 -0.374126 -0.561189 -0.668082
300 275 79 -0.447405 -0.521972 -0.621396
300 300 100 -0.396981 -0.595472 -0.551363
275 300 86 -0.331961 -0.640211 -0.592788
Polygon 1 4
275 300 86 -0.331961 -0.640211 -0.592788
300 300 100 -0.396981 -0.595472 -0.551363
300 325 127 -0.352837 -0.646868 -0.490051
275 325 113 -0.295047 -0.695468 -0.526869
Polygon 1 4
275 325 113 -0.295047 -0.695468 -0.526869
300 325 127 -0.352837 -0.646868 -0.490051
300 350 160 -0.315329 -0.683214 -0.437958
275 350 146 -0.263683 -0.734545 -0.470862
Polygon 1 4
275 350 146 -0.263683 -0.734545 -0.470862
300 350 160 -0.315329 -0.683214 -0.437958
300 375 199 -0.283763 -0.709409 -0.394116
275 375 185 -0.237287 -0.762708 -0.423726
Polygon 1 4
275 375 185 -0.237287 -0.762708 -0.423726
300 375 199 -0.283763 -0.709409 -0.394116
300 400 244 -0.257186 -0.728694 -0.357203
275 400 230 -0.215062 -0.783441 -0.38404
Polygon 1 4
275 400 230 -0.215062 -0.783441 -0.38404
300 400 244 -0.257186 -0.728694 -0.357203
300 425 295 -0.234693 -0.743194 -0.325962
275 425 281 -0.196253 -0.799031 -0.350452
Polygon 1 4
275 425 281 -0.196253 -0.799031 -0.350452
300 425 295 -0.234693 -0.743194 -0.325962
300 450 352 -0.234693 -0.743194 -0.325962
275 450 338 -0.196253 -0.799031 -0.350452
Polygon 1 4
300 50 160 -0.352837 0.646868 -0.490051
325 50 178 -0.398925 0.598388 -0.453324
325 75 145 -0.448836 0.550844 -0.510041
300 75 127 -0.396981 0.595472 -0.551363
Polygon 1 4
300 75 127 -0.396981 0.595472 -0.551363
325 75 145 -0.448836 0.550844 -0.510041
325 100 118 -0.505846 0.482853 -0.574825
300 100 100 -0.447405 0.521972 -0.621396
Polygon 1 4
300 100 100 -0.447405 0.521972 -0.621396
325 100 118 -0.505846 0.482853 -0.574825
325 125 97 -0.566484 0.386239 -0.643732
300 125 79 -0.501037 0.417531 -0.695885
Polygon 1 4
300 125 79 -0.501037 0.417531 -0.695885
325 125 97 -0.566484 0.386239 -0.643732
325 150 82 -0.621576 0.254281 -0.706337
300 150 64 -0.549765 0.274882 -0.763563
Polygon 1 4
300 150 64 -0.549765 0.274882 -0.763563
325 150 82 -0.621576 0.254281 -0.706337
325 175 73 -0.655922 0.0894439 -0.745366
300 175 55 -0.580143 0.0966904 -0.805754
Polygon 1 4
300 175 55 -0.580143 0.0966904 -0.805754
325 175 73 -0.655922 0.0894439 -0.745366
325 200 70 -0.655922 -0.0894439 -0.745366
300 200 52 -0.580143 -0.0966904 -0.805754
Polygon 1 4
300 200 52 -0.580143 -0.0966904 -0.805754
325 200 70 -0.655922 -0.0894439 -0.745366
325 225 73 -0.621576 -0.254281 -0.706337
300 225 55 -0.549765 -0.274882 -0.763563
Polygon 1 4
300 225 55 -0.549765 -0.274882 -0.763563
325 225 73 -0.621576 -0.254281 -0.706337
325 250 82 -0.566484 -0.386239 -0.643732
300 250 64 -0.501037 -0.417531 -0.695885
Polygon 1 4
300 250 64 -0.501037 -0.417531 -0.695885
325 250 82 -0.566484 -0.386239 -0.643732
325 275 97 -0.505846 -0.482853 -0.574825
300 275 79 -0.447405 -0.521972 -0.621396
Polygon 1 4
300 275 79 -0.447405 -0.521972 -0.621396
325 275 97 -0.505846 -0.482853 -0.574825
325 300 118 -0.448836 -0.550844 -0.510041
300 300 100 -0.396981 -0.595472 -0.551363
Polygon 1 4
300 300 100 -0.396981 -0.595472 -0.551363
325 300 118 -0.448836 -0.550844 -0.510041
325 325 145 -0.398925 -0.598388 -0.453324
300 325 127 -0.352837 -0.646868 -0.490051
Polygon 1 4
300 325 127 -0.352837 -0.646868 -0.490051
325 325 145 -0.398925 -0.598388 -0.453324
325 350 178 -0.356518 -0.63201 -0.405135
300 350 160 -0.315329 -0.683214 -0.437958
Polygon 1 4
300 350 160 -0.315329 -0.683214 -0.437958
325 350 178 -0.356518 -0.63201 -0.405135
325 375 217 -0.320829 -0.656242 -0.364579
300 375 199 -0.283763 -0.709409 -0.394116
Polygon 1 4
300 375 199 -0.283763 -0.709409 -0.394116
325 375 217 -0.320829 -0.656242 -0.364579
325 400 262 -0.29078 -0.674081 -0.330432
300 400 244 -0.257186 -0.728694 -0.357203
Polygon 1 4
300 400 244 -0.257186 -0.728694 -0.357203
325 400 262 -0.29078 -0.674081 -0.330432
325 425 313 -0.265349 -0.687495 -0.301533
300 425 295 -0.234693 -0.743194 -0.325962
Polygon 1 4
300 425 295 -0.234693 -0.743194 -0.325962
325 425 313 -0.265349 -0.687495 -0.301533
325 450 370 -0.265349 -0.687495 -0.301533
300 450 352 -0.234693 -0.743194 -0.325962
Polygon 1 4
325 50 178 -0.398925 0.598388 -0.453324
350 50 200 -0.435281 0.552472 -0.418539
350 75 167 -0.48974 0.508576 -0.470904
325 75 145 -0.448836 0.550844 -0.510041
Polygon 1 4
325 75 145 -0.448836 0.550844 -0.510041
350 75 167 -0.48974 0.508576 -0.470904
350 100 140 -0.551945 0.445802 -0.530717
325 100 118 -0.505846 0.482853 -0.574825
Polygon 1 4
325 100 118 -0.505846 0.482853 -0.574825
350 100 140 -0.551945 0.445802 -0.530717
350 125 119 -0.618109 0.356601 -0.594336
325 125 97 -0.566484 0.386239 -0.643732
Polygon 1 4
325 125 97 -0.566484 0.386239 -0.643732
350 125 119 -0.618109 0.356601 -0.594336
350 150 104 -0.678223 0.234769 -0.652137
325 150 82 -0.621576 0.254281 -0.706337
Polygon 1 4
325 150 82 -0.621576 0.254281 -0.706337
350 150 104 -0.678223 0.234769 -0.652137
350 175 95 -0.715698 0.0825806 -0.688172
325 175 73 -0.655922 0.0894439 -0.745366
Polygon 1 4
325 175 73 -0.655922 0.0894439 -0.745366
350 175 95 -0.715698 0.0825806 -0.688172
350 200 92 -0.715698 -0.0825806 -0.688172
325 200 70 -0.655922 -0.0894439 -0.745366
Polygon 1 4
325 200 70 -0.655922 -0.0894439 -0.745366
350 200 92 -0.715698 -0.0825806 -0.688172
350 225 95 -0.678223 -0.234769 -0.652137
325 225 73 -0.621576 -0.254281 -0.706337
Polygon 1 4
325 225 73 -0.621576 -0.254281 -0.706337
350 225 95 -0.678223 -0.234769 -0.652137
350 250 104 -0.618109 -0.356601 -0.594336
325 250 82 -0.566484 -0.386239 -0.643732
Polygon 1 4
325 250 82 -0.566484 -0.386239 -0.643732
350 250 104 -0.618109 -0.356601 -0.594336
350 275 119 -0.551945 -0.445802 -0.530717
325 275 97 -0.505846 -0.482853 -0.574825
Polygon 1 4
325 275 97 -0.505846 -0.482853 -0.574825
350 275 119 -0.551945 -0.445802 -0.530717
350 300 140 -0.48974 -0.508576 -0.470904
325 300 118 -0.448836 -0.550844 -0.510041
Polygon 1 4
325 300 118 -0.448836 -0.550844 -0.510041
350 300 140 -0.48974 -0.508576 -0.470904
350 325 167 -0.435281 -0.552472 -0.418539
325 325 145 -0.398925 -0.598388 -0.453324
Polygon 1 4
325 325 145 -0.398925 -0.598388 -0.453324
350 325 167 -0.435281 -0.552472 -0.418539
350 350 200 -0.389009 -0.583514 -0.374047
325 350 178 -0.356518 -0.63201 -0.405135
Polygon 1 4
325 350 178 -0.356518 -0.63201 -0.405135
350 350 200 -0.389009 -0.583514 -0.374047
350 375 239 -0.350067 -0.605886 -0.336603
325 375 217 -0.320829 -0.656242 -0.364579
Polygon 1 4
325 375 217 -0.320829 -0.656242 -0.364579
350 375 239 -0.350067 -0.605886 -0.336603
350 400 284 -0.31728 -0.622357 -0.305077
325 400 262 -0.29078 -0.674081 -0.330432
Polygon 1 4
325 400 262 -0.29078 -0.674081 -0.330432
350 400 284 -0.31728 -0.622357 -0.305077
350 425 335 -0.289531 -0.634741 -0.278395
325 425 313 -0.265349 -0.687495 -0.301533
Polygon 1 4
325 425 313 -0.265349 -0.687495 -0.301533
350 425 335 -0.289531 -0.634741 -0.278395
350 450 392 -0.289531 -0.634741 -0.278395
325 450 370 -0.265349 -0.687495 -0.301533
Polygon 2 4
350 50 200 -0.435281 0.552472 -0.418539
375 50 226 -0.463896 0.510286 -0.38658
375 75 193 -0.521936 0.469742 -0.434946
350 75 167 -0.48974 0.508576 -0.470904
Polygon 2 4
350 75 167 -0.48974 0.508576 -0.470904
375 75 193 -0.521936 0.469742 -0.434946
375 100 166 -0.588231 0.411762 -0.490192
350 100 140 -0.551945 0.445802 -0.530717
Polygon 2 4
350 100 140 -0.551945 0.445802 -0.530717
375 100 166 -0.588231 0.411762 -0.490192
375 125 145 -0.658744 0.329372 -0.548954
350 125 119 -0.618109 0.356601 -0.594336
Polygon 2 4
350 125 119 -0.618109 0.356601 -0.594336
375 125 145 -0.658744 0.329372 -0.548954
375 150 130 -0.72281 0.216843 -0.602341
350 150 104 -0.678223 0.234769 -0.652137
Polygon 2 4
350 150 104 -0.678223 0.234769 -0.652137
375 150 130 -0.72281 0.216843 -0.602341
375 175 121 -0.762749 0.0762749 -0.635624
350 175 95 -0.715698 0.0825806 -0.688172
Polygon 2 4
350 175 95 -0.715698 0.0825806 -0.688172
375 175 121 -0.762749 0.0762749 -0.635624
375 200 118 -0.762749 -0.0762749 -0.635624
350 200 92 -0.715698 -0.0825806 -0.688172
Polygon 2 4
350 200 92 -0.715698 -0.0825806 -0.688172
375 200 118 -0.762749 -0.0762749 -0.635624
375 225 121 -0.72281 -0.216843 -0.602341
350 225 95 -0.678223 -0.234769 -0.652137
Polygon 2 4
350 225 95 -0.678223 -0.234769 -0.652137
375 225 121 -0.72281 -0.216843 -0.602341
375 250 130 -0.658744 -0.329372 -0.548954
350 250 104 -0.618109 -0.356601 -0.594336
Polygon 2 4
350 250 104 -0.618109 -0.356601 -0.594336
375 250 130 -0.658744 -0.329372 -0.548954
375 275 145 -0.588231 -0.411762 -0.490192
350 275 119 -0.551945 -0.445802 -0.530717
Polygon 2 4
350 275 119 -0.551945 -0.445802 -0.530717
375 275 145 -0.588231 -0.411762 -0.490192
375 300 166 -0.521936 -0.469742 -0.434946
350 300 140 -0.48974 -0.508576 -0.470904
Polygon 2 4
350 300 140 -0.48974 -0.508576 -0.470904
375 300 166 -0.521936 -0.469742 -0.434946
375 325 193 -0.463896 -0.510286 -0.38658
350 325 167 -0.435281 -0.552472 -0.418539
Polygon 2 4
350 325 167 -0.435281 -0.552472 -0.418539
375 325 193 -0.463896 -0.510286 -0.38658
375 350 226 -0.414583 -0.538958 -0.345486
350 350 200 -0.389009 -0.583514 -0.374047
Polygon 2 4
350 350 200 -0.389009 -0.583514 -0.374047
375 350 226 -0.414583 -0.538958 -0.345486
375 375 265 -0.373081 -0.559622 -0.310901
350 375 239 -0.350067 -0.605886 -0.336603
Polygon 2 4
350 375 239 -0.350067 -0.605886 -0.336603
375 375 265 -0.373081 -0.559622 -0.310901
375 400 310 -0.338138 -0.574835 -0.281782
350 400 284 -0.31728 -0.622357 -0.305077
Polygon 2 4
350 400 284 -0.31728 -0.622357 -0.305077
375 400 310 -0.338138 -0.574835 -0.281782
375 425 361 -0.308565 -0.586273 -0.257137
350 425 335 -0.289531 -0.634741 -0.278395
Polygon 2 4
350 425 335 -0.289531 -0.634741 -0.278395
375 425 361 -0.308565 -0.586273 -0.257137
375 450 418 -0.308565 -0.586273 -0.257137
350 450 392 -0.289531 -0.634741 -0.278395
Polygon 2 4
375 50 226 -0.463896 0.510286 -0.38658
400 50 256 -0.486499 0.47219 -0.35772
400 75 223 -0.547366 0.434673 -0.402475
375 75 193 -0.521936 0.469742 -0.434946
Polygon 2 4
375 75 193 -0.521936 0.469742 -0.434946
400 75 223 -0.547366 0.434673 -0.402475
400 100 196 -0.616891 0.381021 -0.453596
375 100 166 -0.588231 0.411762 -0.490192
Polygon 2 4
375 100 166 -0.588231 0.411762 -0.490192
400 100 196 -0.616891 0.381021 -0.453596
400 125 175 -0.69084 0.304782 -0.507971
375 125 145 -0.658744 0.329372 -0.548954
Polygon 2 4
375 125 145 -0.658744 0.329372 -0.548954
400 125 175 -0.69084 0.304782 -0.507971
400 150 160 -0.758027 0.200654 -0.557373
375 150 130 -0.72281 0.216843 -0.602341
Polygon 2 4
375 150 130 -0.72281 0.216843 -0.602341
400 150 160 -0.758027 0.200654 -0.557373
400 175 151 -0.799912 0.0705805 -0.588171
375 175 121 -0.762749 0.0762749 -0.635624
Polygon 2 4
375 175 121 -0.762749 0.0762749 -0.635624
400 175 151 -0.799912 0.0705805 -0.588171
400 200 148 -0.799912 -0.0705805 -0.588171
375 200 118 -0.762749 -0.0762749 -0.635624
Polygon 2 4
375 200 118 -0.762749 -0.0762749 -0.635624
400 200 148 -0.799912 -0.0705805 -0.588171
400 225 151 -0.758027 -0.200654 -0.557373
375 225 121 -0.72281 -0.216843 -0.602341
Polygon 2 4
375 225 121 -0.72281 -0.216843 -0.602341
400 225 151 -0.758027 -0.200654 -0.557373
400 250 160 -0.69084 -0.304782 -0.507971
375 250 130 -0.658744 -0.329372 -0.548954
Polygon 2 4
375 250 130 -0.658744 -0.329372 -0.548954
400 250 160 -0.69084 -0.304782 -0.507971
400 275 175 -0.616891 -0.381021 -0.453596
375 275 145 -0.588231 -0.411762 -0.490192
Polygon 2 4
375 275 145 -0.588231 -0.411762 -0.490192
400 275 175 -0.616891 -0.381021 -0.453596
400 300 196 -0.547366 -0.434673 -0.402475
375 300 166 -0.521936 -0.469742 -0.434946
Polygon 2 4
375 300 166 -0.521936 -0.469742 -0.434946
400 300 196 -0.547366 -0.434673 -0.402475
400 325 223 -0.486499 -0.47219 -0.35772
375 325 193 -0.463896 -0.510286 -0.38658
Polygon 2 4
375 325 193 -0.463896 -0.510286 -0.38658
400 325 223 -0.486499 -0.47219 -0.35772
400 350 256 -0.434783 -0.498721 -0.319693
375 350 226 -0.414583 -0.538958 -0.345486
Polygon 2 4
375 350 226 -0.414583 -0.538958 -0.345486
400 350 256 -0.434783 -0.498721 -0.319693
400 375 295 -0.391259 -0.517842 -0.28769
375 375 265 -0.373081 -0.559622 -0.310901
Polygon 2 4
375 375 265 -0.373081 -0.559622 -0.310901
400 375 295 -0.391259 -0.517842 -0.28769
400 400 340 -0.354613 -0.53192 -0.260745
375 400 310 -0.338138 -0.574835 -0.281782
Polygon 2 4
375 400 310 -0.338138 -0.574835 -0.281782
400 400 340 -0.354613 -0.53192 -0.260745
400 425 391 -0.323599 -0.542504 -0.23794
375 425 361 -0.308565 -0.586273 -0.257137
Polygon 2 4
375 425 361 -0.308565 -0.586273 -0.257137
400 425 391 -0.323599 -0.542504 -0.23794
400 450 448 -0.323599 -0.542504 -0.23794
375 450 418 -0.308565 -0.586273 -0.257137
Polygon 2 4
400 50 256 -0.486499 0.47219 -0.35772
425 50 290 -0.504473 0.438095 -0.33189
425 75 257 -0.567589 0.403287 -0.373414
400 75 223 -0.547366 0.434673 -0.402475
Polygon 2 4
400 75 223 -0.547366 0.434673 -0.402475
425 75 257 -0.567589 0.403287 -0.373414
425 100 230 -0.639683 0.353509 -0.420844
400 100 196 -0.616891 0.381021 -0.453596
Polygon 2 4
400 100 196 -0.616891 0.381021 -0.453596
425 100 230 -0.639683 0.353509 -0.420844
425 125 209 -0.716364 0.282775 -0.471292
400 125 175 -0.69084 0.304782 -0.507971
Polygon 2 4
400 125 175 -0.69084 0.304782 -0.507971
425 125 209 -0.716364 0.282775 -0.471292
425 150 194 -0.786033 0.186166 -0.517127
400 150 160 -0.758027 0.200654 -0.557373
Polygon 2 4
400 150 160 -0.758027 0.200654 -0.557373
425 150 194 -0.786033 0.186166 -0.517127
425 175 185 -0.829466 0.0654842 -0.545701
400 175 151 -0.799912 0.0705805 -0.588171
Polygon 2 4
400 175 151 -0.799912 0.0705805 -0.588171
425 175 185 -0.829466 0.0654842 -0.545701
425 200 182 -0.829466 -0.0654842 -0.545701
400 200 148 -0.799912 -0.0705805 -0.588171
Polygon 2 4
400 200 148 -0.799912 -0.0705805 -0.588171
425 200 182 -0.829466 -0.0654842 -0.545701
425 225 185 -0.786033 -0.186166 -0.517127
400 225 151 -0.758027 -0.200654 -0.557373
Polygon 2 4
400 225 151 -0.758027 -0.200654 -0.557373
425 225 185 -0.786033 -0.186166 -0.517127
425 250 194 -0.716364 -0.282775 -0.471292
400 250 160 -0.69084 -0.304782 -0.507971
Polygon 2 4
400 250 160 -0.69084 -0.304782 -0.507971
425 250 194 -0.716364 -0.282775 -0.471292
425 275 209 -0.639683 -0.353509 -0.420844
400 275 175 -0.616891 -0.381021 -0.453596
Polygon 2 4
400 275 175 -0.616891 -0.381021 -0.453596
425 275 209 -0.639683 -0.353509 -0.420844
425 300 230 -0.567589 -0.403287 -0.373414
400 300 196 -0.547366 -0.434673 -0.402475
Polygon 2 4
400 300 196 -0.547366 -0.434673 -0.402475
425 300 230 -0.567589 -0.403287 -0.373414
425 325 257 -0.504473 -0.438095 -0.33189
400 325 223 -0.486499 -0.47219 -0.35772
Polygon 2 4
400 325 223 -0.486499 -0.47219 -0.35772
425 325 257 -0.504473 -0.438095 -0.33189
425 350 290 -0.450846 -0.462711 -0.296609
400 350 256 -0.434783 -0.498721 -0.319693
Polygon 2 4
400 350 256 -0.434783 -0.498721 -0.319693
425 350 290 -0.450846 -0.462711 -0.296609
425 375 329 -0.405714 -0.480451 -0.266917
400 375 295 -0.391259 -0.517842 -0.28769
Polygon 2 4
400 375 295 -0.391259 -0.517842 -0.28769
425 375 329 -0.405714 -0.480451 -0.266917
425 400 374 -0.367715 -0.493512 -0.241918
400 400 340 -0.354613 -0.53192 -0.260745
Polygon 2 4
400 400 340 -0.354613 -0.53192 -0.260745
425 400 374 -0.367715 -0.493512 -0.241918
425 425 425 -0.335555 -0.503332 -0.22076
400 425 391 -0.323599 -0.542504 -0.23794
Polygon 2 4
400 425 391 -0.323599 -0.542504 -0.23794
425 425 425 -0.335555 -0.503332 -0.22076
425 450 482 -0.335555 -0.503332 -0.22076
400 450 448 -0.323599 -0.542504 -0.23794
Polygon 2 4
425 50 290 -0.504473 0.438095 -0.33189
450 50 328 -0.504473 0.438095 -0.33189
450 75 295 -0.567589 0.403287 -0.373414
425 75 257 -0.567589 0.403287 -0.373414
Polygon 2 4
425 75 257 -0.567589 0.403287 -0.373414
450 75 295 -0.567589 0.403287 -0.373414
450 100 268 -0.639683 0.353509 -0.420844
425 100 230 -0.639683 0.353509 -0.420844
Polygon 2 4
425 100 230 -0.639683 0.353509 -0.420844
450 100 268 -0.639683 0.353509 -0.420844
450 125 247 -0.716364 0.282775 -0.471292
425 125 209 -0.716364 0.282775 -0.471292
Polygon 2 4
425 125 209 -0.716364 0.282775 -0.471292
450 125 247 -0.716364 0.282775 -0.471292
450 150 232 -0.786033 0.186166 -0.517127
425 150 194 -0.786033 0.186166 -0.517127
Polygon 2 4
425 150 194 -0.786033 0.186166 -0.517127
450 150 232 -0.786033 0.186166 -0.517127
450 175 223 -0.829466 0.0654842 -0.545701
425 175 185 -0.829466 0.0654842 -0.545701
Polygon 2 4
425 175 185 -0.829466 0.0654842 -0.545701
450 175 223 -0.829466 0.0654842 -0.545701
450 200 220 -0.829466 -0.0654842 -0.545701
425 200 182 -0.829466 -0.0654842 -0.545701
Polygon 2 4
425 200 182 -0.829466 -0.0654842 -0.545701
450 200 220 -0.829466 -0.0654842 -0.545701
450 225 223 -0.786033 -0.186166 -0.517127
425 225 185 -0.786033 -0.186166 -0.517127
Polygon 2 4
425 225 185 -0.786033 -0.186166 -0.517127
450 225 223 -0.786033 -0.186166 -0.517127
450 250 232 -0.716364 -0.282775 -0.471292
425 250 194 -0.716364 -0.282775 -0.471292
Polygon 2 4
425 250 194 -0.716364 -0.282775 -0.471292
450 250 232 -0.716364 -0.282775 -0.471292
450 275 247 -0.639683 -0.353509 -0.420844
425 275 209 -0.639683 -0.353509 -0.420844
Polygon 2 4
425 275 209 -0.639683 -0.353509 -0.420844
450 275 247 -0.639683 -0.353509 -0.420844
450 300 268 -0.567589 -0.403287 -0.373414
425 300 230 -0.567589 -0.403287 -0.373414
Polygon 2 4
425 300 230 -0.567589 -0.403287 -0.373414
450 300 268 -0.567589 -0.403287 -0.373414
450 325 295 -0.504473 -0.438095 -0.33189
425 325 257 -0.504473 -0.438095 -0.33189
Polygon 2 4
425 325 257 -0.504473 -0.438095 -0.33189
450 325 295 -0.504473 -0.438095 -0.33189
450 350 328 -0.450846 -0.462711 -0.296609
425 350 290 -0.450846 -0.462711 -0.296609
Polygon 2 4
425 350 290 -0.450846 -0.462711 -0.296609
450 350 328 -0.450846 -0.462711 -0.296609
450 375 367 -0.405714 -0.480451 -0.266917
425 375 329 -0.405714 -0.480451 -0.266917
Polygon 2 4
425 375 329 -0.405714 -0.480451 -0.266917
450 375 367 -0.405714 -0.480451 -0.266917
450 400 412 -0.367715 -0.493512 -0.241918
425 400 374 -0.367715 -0.493512 -0.241918
Polygon 2 4
425 400 374 -0.367715 -0.493512 -0.241918
450 400 412 -0.367715 -0.493512 -0.241918
450 425 463 -0.335555 -0.503332 -0.22076
425 425 425 -0.335555 -0.503332 -0.22076
Polygon 2 4
425 425 425 -0.335555 -0.503332 -0.22076
450 425 463 -0.335555 -0.503332 -0.22076
450 450 520 -0.335555 -0.503332 -0.22076
425 450 482 -0.335555 -0.503332 -0.22076
